-0.057095375404
0.897532544991
-0.673020383151
0.459589923736
1.206212688093
0.864088450487
0.505472838965
0.146736145043
0.977628231645
0.058641982756
0.203933301076
-0.046551927356
0.570361982464
0.731807326556
0.644369678996
0.571216806210
-0.461844410140
0.856031479967
1.403748292920
-0.177793801790
1.227881793323
0.200239749957
0.551899028408
0.845758858919
0.415878218379
0.304452743663
-0.704300653247
1.048561238104
-1.183787442658
-0.037919606655
0.519249165240
0.792292879989
-0.352830812255
-0.496877058767
-0.526211499245
0.268248874057
1.411563398346
0.241358769090
1.947644899765
0.532270025710
0.740478775314
0.515029611526
-0.218754335932
1.352226678712
0.002091728065
-0.092047450095
-0.752936800433
-0.069365418985
0.391881704872
0.088497632913
0.469969992504
1.049266842384
-0.613685110941
0.847747483647
0.430208816575
-0.390450583093
0.211815913141
-0.125670611112
0.192761000258
0.335844233780
0.349484118955
0.445522562381
0.194948343677
1.142021333869
1.375736569690
1.122830768253
0.080342280869
-0.620968578657
-0.906459624156
-0.961188735647
-1.077988503041
0.420695329047
0.088880309539
0.464190534170
0.209803814104
0.594600665774
-0.378965663919
-0.186047267848
0.982406473195
-0.820525000651
-0.981227874325
-0.631637541195
-0.482788711522
-0.798951446780
-0.983586569714
-0.613559265641
-1.190917866397
-0.907478312458
-0.832663910501
0.324788527858
-0.042530946141
-0.012612166434
0.454689000319
1.280341352842
0.363537905170
0.480121460393
-0.590082854154
-0.065333547450
0.376744281243
-0.086154826332
-0.252853914506
-0.521356670347
-0.354565550575
-0.373552771465
0.693902102743
-1.409156461879
0.221183579857
-0.311688877837
0.553769880151
1.017462261313
0.159156085597
0.731866392410
1.768067535532
0.521795534558
-0.135317304883
1.171492989257
0.348847489338
-0.006042150531
-0.268784850705
0.725586611949
-0.138705908797
0.725761696695
0.795359628369
0.660271646718
0.959025872054
0.479532266450
-0.214335161997
-0.509494936833
-0.140196011046
0.236776455604
-0.224807552352
-1.280830282072
0.475550808472
0.161337196558
0.721661367138
0.703387979974
0.052303076260
0.665686108276
1.157495567842
-0.608351638561
0.862476030894
0.123773910916
1.012017499670
-0.789091945233
-0.243082482354
0.135290840899
1.188514541411
-0.032059988301
-0.394756159096
0.972631721463
-0.068372048866
-0.342717790938
-1.432528838233
0.300537890206
-1.354393715946
-1.802834383774
0.424959050831
-0.367084542782
-0.796081297619
-0.470717032479
-0.837052519291
-0.608849290501
0.086042710123
-0.854029919354
-0.793649709353
-0.392019010210
-1.070014611120
-0.488310269612
-0.134646895590
0.152495171540
1.592146006142
0.582751801033
0.456747099189
-0.911234006666
0.014453900518
-0.269539170716
-0.570350621999
0.357402030078
-0.157778709350
-1.470168843519
-1.515957605378
-0.882248716288
-0.690561432030
-0.335108672302
-1.575604406378
-0.693270757561
-0.046071397180
-0.007548080318
-0.667507126699
-0.597760580096
0.861143358732
0.372435691604
-1.405968509545
0.159850934219
-0.084496379459
-0.758668493349
0.247452336139
-0.289673745123
0.637672827842
0.735280426517
0.684821154609
0.486845743182
-1.532983067969
-0.591027238417
0.906597953945
0.030109695415
0.263932214619
-0.272875945035
-0.405091162244
-0.698984745822
0.055918250055
-0.937839478130
-0.279912255736
-0.208269288242
0.657111501426
-0.167566933414
0.372866954534
-0.280177700337
0.609994547726
-0.109625816679
0.711595448750
0.386630626118
0.578385026447
1.171693827828
0.635883421533
-0.496856946110
-0.485337861010
0.055514309845
0.711296170958
1.309225640503
0.713131934673
0.011052132033
1.578753874780
0.197837050070
0.620809244380
0.797896179476
0.520289655021
0.434221037011
1.026957081613
-0.676702341257
-0.423205324151
0.684544382890
0.980322103239
0.699966097489
0.024501137682
0.907799020156
0.442490007002
1.066730235711
1.028879787254
0.938803448168
-0.056951670823
-0.485291027969
0.628236430251
0.620426002818
-0.925607292867
1.085105344536
0.829994622718
-0.202679636024
-0.117021558804
0.615070554675
0.521229190098
0.834521826369
0.263248539959
-0.147759635974
0.940727948833
0.696392097948
-0.374470043292
0.174527279206
0.855417690354
-0.100296109427
1.569137841765
1.722086630342
1.473108353705
1.471400867682
1.905076768052
1.494941418890
1.078832098131
0.623521730731
0.934667549364
1.305566350625
0.979934896093
0.449110133105
1.835860925009
0.970912870020
1.085970607555
0.620614267726
0.844540690238
1.526960161947
0.110573168687
-0.259660771581
0.576641325599
1.422959043916
0.761333224971
1.222051046357
0.701846394313
0.142040884700
0.406913465437
0.508925078717
0.515549030688
0.442668905573
0.700729963933
0.569205525903
1.256345835094
0.985039974204
1.211194628206
1.743108778243
0.199935100955
-0.442591713759
1.148460593962
0.531171649112
0.830219386648
0.293412406784
1.122684635332
0.645466577255
1.934560588506
0.785561251478
0.291108811653
1.471154393199
0.631812564321
0.966805637347
0.299480516397
-0.621206366181
1.533257028854
0.765564859518
-0.784841608866
-0.196029731985
-0.141254873343
-0.672864747410
0.427331446440
-0.593988771473
0.415094441044
0.483972159975
-0.793307546443
-0.997942348584
0.540449352740
0.324644132518
0.713035542209
-0.178589794743
0.518422919037
0.293084627955
0.294148584474
0.732846559511
0.302660324429
0.520811034149
-0.551018421244
1.174053740666
1.058683510001
0.051991754276
0.218437154382
1.066858750176
-0.643482489991
1.014095488353
-0.705738576092
1.178985294714
0.361352556668
1.742575386057
0.771684559621
1.086219069141
1.221954286888
0.986156618404
0.942769708324
0.449912923635
-0.438809126374
2.009021992124
-0.351997116202
0.766573454559
-1.024628625503
0.784962726234
-1.246875575118
0.164901020853
0.721287834867
0.291652890110
0.371166692587
-0.999507830398
0.461778575513
-0.661337074036
0.153807087842
2.163325872251
-0.525181255078
0.840501249652
0.133464159917
1.816745412856
1.429696614682
1.118585952756
-0.719646768856
-0.598145552397
0.622774903184
0.523009506572
0.854348759969
0.410592529634
0.254842023481
0.718566334931
0.746460025601
0.108807656041
-0.962574015707
-0.261133499151
0.392567664658
1.085403823647
-0.001839575358
-0.321086008996
0.092175291696
1.471019636693
0.379475074783
-0.997708749019
0.493376400855
-0.547082937362
-0.146023577795
-0.023209182714
0.829398396039
0.482691438329
-0.290195030802
0.343158803737
-0.481698943162
1.222904515973
1.298883441844
-0.326475915054
-0.456220439416
0.730410276626
0.055444061434
0.552022561510
-0.257722379800
-0.707869642599
0.279172465012
0.817327467018
1.149996651476
1.089565241819
0.212684998652
0.861359509292
0.821663204829
0.063786938226
-0.575108169745
-0.319840463396
0.470791422877
-0.039509520582
0.987575825648
-0.597186345785
-0.278522651207
-0.808776507834
-1.153350692737
-0.707256566211
0.115027724730
1.136259151819
0.284270297704
0.152018311204
1.145137741304
2.050080269137
0.528917961196
0.074720895659
1.514406297837
1.379600666876
0.119145169644
1.915854803691
1.069579612392
0.917324062097
1.332802830484
-0.249080191008
0.602515510857
0.498076960722
0.398194175360
1.739706813914
2.143021826713
2.491251473860
0.875705327210
1.898889769211
1.641984838940
0.778945680529
0.799602381768
1.212185246606
0.748273545098
0.684843621024
-0.381422196574
0.141692317201
0.042601964847
1.902321520636
0.564403548945
0.744526560424
0.491228530215
1.073341667147
1.002469235503
2.303772274387
0.880158457058
-0.100070684625
0.686284660395
1.777481681524
0.760927589656
1.922470222047
1.875195493704
-0.146701195684
1.203588773061
1.239905327169
0.569624341663
0.866429019890
0.261335131512
1.831172724780
0.809213580271
0.764537167296
1.819978049430
0.603599752342
0.807784826860
1.688444248350
1.084895018514
0.692251374133
1.211478110141
1.998729050722
1.747811407570
0.335671310656
0.622108058650
2.425971889871
0.936950116006
1.390256303096
0.621065717203
1.824299059765
0.835104831794
1.532749532474
0.293188522066
0.282310190543
0.736676443403
0.022144137167
-0.220789810704
-1.073069400147
1.091039257945
0.526491134138
1.572850519804
0.071968946339
0.141670028441
1.245297841816
0.029781674347
0.505170818156
0.820602365005
0.770278351975
-0.423485973294
-0.300316275634
0.518398507037
0.001674146969
0.638209925839
1.671070249141
1.406801675984
1.787236612464
0.232038712657
-0.660180094744
1.320643688619
1.240022808962
1.191617152921
1.120577224959
1.276566651885
1.027994116886
-0.346131684095
0.184306877545
1.011967412554
1.640234713465
0.657495280041
0.475037815794
0.145377563475
1.674588826360
0.793608216662
0.377963175947
1.050188378223
-0.050592366116
-0.152338122007
0.579533617748
0.490875411905
0.395082683367
0.812931703497
1.102936795854
1.905404282552
-0.106253510719
0.758987179165
-0.231235071608
1.134633407478
0.448047775755
1.090520632024
0.428275478721
1.174528356218
-0.190378266425
0.576170349278
-0.189365964364
0.810257335114
0.372098829440
1.268182955245
0.304033069108
0.130782555987
0.561271011560
1.289462459183
0.281940598119
-0.279375046967
1.410523785289
1.238803160701
1.595715666954
0.211555571636
1.677051757353
0.469160389601
-0.062512059279
-0.229237181926
-0.798376623223
-0.426095910825
-0.663715207345
0.833613166126
1.121192930841
-0.219445170153
0.519398840161
-0.266919075857
-0.218397497527
2.072291564059
0.624807736638
1.835100668187
0.108156488619
0.063471423496
1.136065021584
1.074141219053
1.657082730382
1.393183475360
1.929350153240
0.640720076574
1.067807763777
0.970024117728
0.989638713198
1.644986843935
1.250353544265
-0.109788720628
1.258053286259
1.504546215790
0.187602029726
1.182228700666
0.886459913576
-0.000593807355
0.869678405479
1.544805541283
0.892822077366
1.312342591304
1.307298975435
0.757956712274
0.327053564804
1.922663838725
1.670441688217
1.311685320502
0.516478379443
1.766080438980
2.266160187553
2.706695070186
1.411866466105
0.688571898157
0.453290057462
1.264984758253
0.303907940043
0.836105530046
0.384802379540
1.119080603842
0.731640154088
0.139420841008
1.109096717670
0.992050394917
2.002720421559
2.242311224031
1.107724548342
1.335242663195
2.677578473023
0.816380858801
0.851251476429
2.482389763509
0.227351112680
0.468882181356
0.545958100551
1.020332676972
0.877192647843
0.635629983984
1.812398701433
1.942990505583
1.473394433176
1.189237751647
2.165489107611
1.449472838410
0.967623886384
0.473102820869
1.922738877310
1.398812071419
1.429229179886
0.911395254314
3.034925310405
1.448700246651
1.598018506163
0.398904272931
1.657589834959
0.791815538871
0.924078089316
1.197923325310
0.663883305475
0.662009943147
0.496285187501
0.869127728714
-0.464171883290
0.296595956664
1.292749287705
1.110828907821
0.532391707908
1.583313186918
1.721343594361
1.480097085645
2.216488097425
2.553816345721
0.416817293986
0.462625780272
1.208381525260
1.214490461500
0.951759742356
2.084263144881
1.036302807990
0.897905228374
0.038005410550
0.725094798446
-0.514431621526
0.233372297238
1.492154372780
0.865485922301
0.322888381885
0.254232928879
0.015693144744
1.534508954043
1.121428660708
1.147291047574
0.325864740284
0.935064296025
2.436017210915
0.258102127372
0.821353235712
0.905928949344
0.817675253827
0.930337625327
1.023891466155
1.527848181629
1.156156463346
1.906178782101
1.086334065231
2.056816200431
0.963954852823
1.820734503159
1.735787269413
1.734059631541
1.529218805036
0.010419233932
2.123618898751
0.024681976653
1.258186576029
1.210124487284
0.915325769806
1.433811451179
-0.273543461381
0.313349621948
0.237764788870
0.672459542649
1.732634580485
0.281408539170
0.906882786171
0.024452491717
1.534049060352
0.739597912354
0.519128054210
0.985721833884
2.148572307556
0.981538464617
1.258878228269
1.548320555131
1.188348348185
0.403898745030
2.637623855426
1.149710662544
0.256426844367
1.545620765167
1.601331155121
0.950548605377
1.953524684170
0.524349771439
1.223345268425
1.460992085630
1.410526667075
0.613395104165
0.812464603283
1.778769111888
1.190898843569
1.333777093426
0.210214574397
1.208907954374
0.794671321086
0.732745221282
0.599242820746
0.067857202794
0.794855502051
1.587944064276
0.314267334832
0.706497975640
-0.333218842035
-0.504025607741
-0.027507974308
1.034862864525
-0.284820453343
0.341735812290
-0.167876189792
-0.496347344621
0.108116618907
0.780833284390
0.277275759259
0.291989622994
0.776877881171
0.038485972132
0.640131184726
2.364804708724
0.598225932204
1.322408313694
1.816829935264
1.527872675999
0.375441097208
0.506615405899
0.834704300319
0.671215789627
0.362256727974
1.132436438376
0.126862361759
0.016448854313
1.864349851053
0.254216285258
0.048090379576
0.622468173089
1.649031594358
0.309008397138
-0.202219984491
1.806626290484
1.087881512316
1.788195918629
2.300876287169
1.009182143795
1.225259014738
0.944278977073
1.077188398628
0.127993625792
-0.358935251131
0.225354983012
0.529657042882
0.606193127487
-0.641704274473
0.904625865655
1.422658311945
0.504733742918
0.102733638991
-0.292251413861
0.609231920598
1.017037931390
-0.528868388955
0.069906754769
0.360302147425
0.106596379404
0.516831536771
2.142145271953
0.889817286267
0.875362751872
0.234307196678
0.475009067748
0.959829603208
0.492514245470
1.610880570693
1.120654218855
-0.226160939956
0.635429387885
1.248056826626
0.346869468973
0.538395923372
-0.299325080768
0.397482751188
1.462205224288
0.555389420801
1.244007205726
0.687024123962
1.069105838280
-0.353340334959
2.132626690360
1.804695651068
1.315521636484
2.346088133439
0.683590491880
1.237554699733
2.393560263806
0.763335293599
1.569802790573
1.365203137074
1.549254959292
1.531527718162
0.743865106343
2.115665962955
0.155450926245
1.694343272728
0.177810132992
0.419816544171
0.830359913418
1.394840889948
0.836860999449
0.011966375974
0.767765784838
-0.682500953724
0.793779207569
1.731282311105
-0.410859133157
0.309289700261
-0.693170333806
0.130796575003
0.668886740376
-0.602461135927
0.344729444104
-0.131262591254
0.371990090865
0.519919796480
0.443580681770
-0.762075077787
0.141160436952
0.769788425136
-0.089229841050
0.983642467849
-0.259514666136
1.192606381267
-0.085552669290
0.977384481796
0.725916127867
1.555354345483
1.181533403475
1.751039293194
0.057885442777
0.875046913167
1.483454303849
1.168112749752
0.662800495328
0.871943386065
0.365814576169
1.290438818809
0.814404305828
0.688393324676
0.164716407043
0.439700360166
-0.536379914878
1.083207894342
1.165719524901
1.552929217757
1.476364440225
2.613462823024
-0.767573131066
0.345514594975
0.866902021088
0.951554211144
1.768968692356
2.357058759827
0.410685471407
1.795406942069
1.039349972690
1.020768281917
0.855565509917
1.209127631094
0.438269208114
0.478156984714
1.398384774734
0.520156844041
0.374971550768
1.184607998275
0.879065769825
1.389530706494
3.038877323643
1.078587255933
1.778194567028
2.302229633168
1.234425610020
0.676459225030
0.300137061315
2.627992483348
0.201910587463
0.688052227011
0.606674271505
1.534182146759
1.163724870071
0.887312354521
1.251532878527
1.447096994415
0.222089596648
1.556244066662
1.972344280106
0.623109472802
1.886818087297
1.048688911989
1.018238944411
0.488769157404
-0.280024647836
0.011325229549
1.082147835683
-0.211038551176
0.460968762412
1.819139699317
0.890859661636
1.148533573476
0.302465849739
1.425466803887
1.823837877613
1.813950015114
0.992116281917
0.645942689820
0.483478106128
1.032536025336
0.394421135587
0.747764330752
0.585083891773
0.435997592226
0.157192452529
0.261641081843
0.517557680609
0.924973882337
0.295647287433
1.528753919078
1.209955190859
1.985908442840
1.541686777779
0.015276827825
0.868042807914
0.182428461695
0.449447020195
1.339213594730
1.533485585953
1.316015139284
0.743608557922
-0.700646302387
1.616151301103
0.155253701914
