0.026911849
0.014090555 
0.003146915
0.003183567
0.008998883
0.004204446
0.004097396
0.001828975
0.006495191
0.008238578
0.002928345
0.003681526
0.004893974
0.003123393
0.00580059
0.065343938
0.015178552
0.009136771
0.012367237
0.014350984
0.0229995
0.032768612
0.022220016
0.009809017
0.006396785
0.008526434
0.007113726
0.008333981
0.007365289
0.006248787
0.005897862
0.006743384
0.002626182
0.016857515
0.160454448
0.041663158
0.071226907
0.140676498
0.224009747
0.304520189
0.121536902
0.416867418
0.153061313
0.230179306
0.485965117
0.65085904
0.343631368
0.621783013
1.092080907
2.102485714
0.744942178
0.970207086
0.691121233
0.472991731
0.370225519
1.115474884
0.198410991
0.350143242
0.465953623
0.18405443
0.101105489
0.383289812
0.099506422
0.177709853
0.404535394
0.25325572
0.169482518
0.095380592
0.08546811
0.121783061
0.113581944
0.056126328
0.105950379
0.064852837
0.08946405
0.156578395
0.026852424
0.072956448
0.032864959
0.042517278
0.12766141
0.021052864
0.093783273
0.038781481
0.041656862
0.024155536
0.051420097
0.042797586
0.016220862
0.017195136
0.022108068
0.079958374
0.073076899
0.10870491
0.026216854
0.051934483
0.016314936
0.02257747
0.077110647
0.034736738
0.029482655
0.023968233
0.04836073
0.013384081
0.019377785
0.01135058
0.082148729
0.021854341
0.018088203
0.020299838
0.148694295
0.199168177
0.171998843
0.171461465
0.092720644
0.030917887
0.033629847
0.033852423
0.023565103
0.022369446
0.042763457
0.038791964
0.042654438
0.021151005
0.018187776
0.037061194
0.031010243
0.021961347
0.0136961
0.016142806
0.02747682
0.024857763
0.029747177
0.067757418
0.032869333
0.015115331
0.007159793
0.013913531
0.013048314
0.006964924
0.028064504
0.017581409
0.006629428
0.010357467
0.025191389
0.030525754
0.027505908
0.007326383
0.008127518
0.004760531
0.007758367
0.011632494
0.009339592
0.027770109
0.009676881
0.009140191
0.007929018
0.002062927
0.005455463
0.010686362
0.005301008
0.014443525
0.007769503
0.006130469
0.005907016
0.019014951
0.005827797
0.010380405
0.012828282
0.01595408
0.073761699
0.171898123
0.098842705
0.024105922
0.059686006
0.055916009
0.031015979
0.010777706
0.052932114
0.035764073
0.055020704
0.055925296
0.01926136
0.033529644
0.050522747
0.052025329
0.015607853
0.013333722
0.04086316
0.062020412
0.043109658
0.007266615
0.049012171
0.016148114
0.010750859
0.0168177
0.006608787
0.015366318
0.041958609
0.017112311
0.010560265
0.021697422
0.023602577
0.018469149
0.018254781
0.02012957
0.024407545
0.065026239
0.040700506
0.042320602
0.070989398
0.047180987
0.05122095
0.08275619
0.019600293
0.126350927
0.112758677
0.043327293
0.010671508
0.021862766
0.015161236
0.018274707
0.008999146
0.010548379
0.011152152
0.008390799
0.017896627
0.009971256
0.0066148
0.002738718
0.022152665
0.013233765
0.005740773
0.008168127
0.003683138
0.005192477
0.003225396
0.017919754
0.015091715
0.010606342
0.01961169
0.006392238
0.007443488
0.004620199
0.021550525
0.024194107
0.008124192
0.00605016
0.009036677
0.006541221
0.008036992
0.003023345
0.004651155
0.025572229
0.015275968
0.030849904
0.010493578
0.02313191
0.013330855
0.010245779
0.005770865
0.005731982
0.016738202
0.016783309
0.00536227
0.005487906
0.007497947
0.023970915
0.010319027
0.05813181
0.029243408
0.055499275
0.029911651
0.015167
0.009880957
0.005442436
0.006745715
0.005760513
0.00432279
0.015285924
0.008726101
0.00344365
0.012429703
0.016047327
0.013183603
0.015428392
0.015564296
0.03356241
0.016726798
0.047514579
0.073581282
0.020600845
0.016625999
0.026603438
0.09441154
0.074207982
0.052876581
0.02041311
0.026175035
0.012822201
0.008611803
0.005491183
0.00925658
0.023439766
0.012896218
0.015533131
0.005019027
0.012568556
0.013883749
0.025917772
0.01177374
0.016837636
0.011279251
0.011317934
0.006442873
0.0068163
0.003118481
0.004890076
0.002298834
0.002338279
0.002716573
0.001825614
0.00930682
0.005148528
0.004924966
0.007358804
0.007986946
0.003572163
0.016153753
0.003250921
0.003341618
0.003149067
0.013083275
0.01144558
0.010437716
0.009647857
0.016267613
0.007095258
0.011963403
0.005930701
0.028846135
0.035581049
0.021888032
0.025536578
0.008594008
0.011650943
0.018781693
0.036865968
0.008055028
0.011446927
0.004290366
0.005248578
0.003164883
0.005969659
0.004419237
0.007986543
0.006608178
0.007741429
0.002551816
0.002530303
0.004031971
0.003292064
0.004703066
0.00171455
0.001962892
0.002635502
0.019515098
0.011976066
0.019135636
0.008458648
0.00272408
0.005488299
0.003778275
0.002125738
0.002275806
0.001795562
0.001564157
0.00280162
0.001489892
0.005076138
0.023582478
0.016960565
0.003374203
0.002515265
0.006588472
0.006138544
0.007135004
0.018882653
0.030394495
0.008316454
0.003703138
0.005696843
0.002793202
0.003031803
0.010625402
0.007112311
0.011369158
0.006115632
0.005302859
0.006393688
0.00436149
0.001537907
0.002198696
0.001754889
0.00262531
0.00214671
0.001345524
0.001792292
0.007993699
0.011703826
0.011152479
0.016618152
0.005287977
0.003796109
0.001692041
0.001387699
0.005482738
0.004134566
0.001546675
0.00342097
0.003330333
0.002925354
0.002280029
0.003000056
0.005637167
0.007360949
0.011223922
0.016261706
0.007454508
0.005738409
0.007331481
0.021019902
0.055481121
0.021758811
0.015230177
0.008312541
0.008409702
0.012452494
0.025475307
0.015494844
0.025296065
0.02304533
0.026920763
0.020052301
0.031930663
0.010386285
0.010601058
0.00760285
0.017359553
0.019059632
0.009263287
0.00572444
0.006956849
0.003956559
0.002823339
0.002576413
0.007458488
0.004599444
0.005656567
0.006719437
0.01193559
0.003656702
0.004355018
0.00294217
0.005476802
0.008134533
0.005203832
0.005514941
0.010968909
0.010269267
0.00316066
0.004312902
0.004269762
0.002696272
0.005065853
0.005243997
0.007178338
0.009207227
0.018832913
0.025072753
0.041123129
0.018473245
0.043833835
0.031937852
0.046159506
0.048707953
0.04407295
0.009901666
0.008541198
0.012280968
0.009184892
0.016607745
0.012321181
0.024097839
0.026192405
0.04530577
0.0382694
0.012024995
0.006039253
0.004360836
0.003884785
0.006757024
0.003853542
0.003356704
0.007156224
0.01032648
0.008519548
0.013882844
0.021662515
0.01701346
0.026486435
0.022636241
0.014875862
0.022213532
0.035471922
0.028988201
0.022847785
0.02249681
0.088123533
0.166398087
0.115733454
0.120616214
0.077872766
0.053676571
0.021523389
0.029872889
0.055894384
0.025066578
0.031169565
0.019213864
0.023204919
0.026277561
0.039716311
0.055204724
0.05542237
0.020934109
0.024722012
0.015858493
0.034110581
0.053027188
0.102923936
0.112528845
0.047223609
0.044021557
0.043289326
0.036901399
0.036921702
0.035568163
0.035381678
0.137779494
0.046613998
0.037280417
0.022974501
0.034499766
0.038450609
0.049548455
0.017284867
0.014528995
0.024177994
0.014588603
0.014617209
0.010691765
0.01265984
0.018372931
0.013504798
0.008016718
0.013056591
0.013629822
0.007688168
0.023162119
0.024686016
0.01877621
0.020809765
0.019255992
0.015661338
0.00950209
0.013172919
0.014478579
0.013397277
0.02582359
0.0253814
0.031996634
0.06465458
0.038987219
0.080193727
0.051989445
0.034539525
0.082855104
0.041542996
0.079845513
0.097067353
0.127102307
0.103710681
0.10282033
0.117449336
0.138774271
0.041737776
0.069861682
0.055050334
0.046140089
0.089599418
0.065167197
0.06430482
0.051567904
0.043458453
0.021644222
0.012145352
0.042186581
0.033702788
0.050879764
0.038935602
0.036149584
0.020259638
0.020484268
0.05642032
0.11264203
0.079896935
0.065148049
0.175378878
0.062535067
0.092127601
0.039459159
0.040978724
0.0462857
0.020243442
0.027376752
0.028342057
0.056407466
0.04858956
0.057079117
0.044302334
0.041452009
0.015770086
0.02269084
0.016806139
0.046399045
0.075757189
0.044935758
0.038514081
0.031963537
0.011104051
0.018093187
0.02645358
0.022788487
0.018568418
0.02844603
0.027763068
0.022255968
0.015926057
0.02393098
0.025070573
0.013773167
0.033219528
0.016435112
0.016098165
0.060527299
0.015770853
0.017181871
0.011751777
0.007489103
0.016656109
0.018146972
0.013126818
0.025429985
0.01344557
0.013844509
0.010410107
0.008884599
0.050227847
0.028059883
0.032616419
0.033090262
0.040701858
0.038063112
0.043547606
0.023487076
0.040899087
0.015750849
0.09504019
0.028495912
0.033595659
0.034726861
0.048307064
0.032705758
0.028094325
0.103197003
0.051534001
0.035834521
0.066868104
0.046980228
0.054945078
0.037287558
0.060074313
0.071845721
0.04747739
0.028640839
0.061332305
0.027326414
0.037385648
0.041146253
0.097818015
0.131165991
0.137526075
0.114604752
0.051086973
0.030457089
0.033290587
0.048998692
0.052078067
0.033605263
0.03005894
0.03298563
0.028774651
0.035200117
0.024240701
0.119267095
0.074605502
0.058216308
0.02160631
0.029429103
0.243658427
0.041456833
0.030449209
0.055999307
0.053410698
0.040446416
0.022970001
0.020963205
0.014795317
0.006856086
0.01496338
0.008890858
0.010414871
0.012433677
0.032154916
0.039168009
0.024263412
0.014365925
0.016702589
0.027091414
0.01580322
0.017542454
0.105127455
0.057856543
0.103303227
0.023730768
0.027796879
0.014607807
0.02632043
0.023794841
0.022086846
0.027919542
0.014344178
0.025317073
0.015845685
0.018134727
0.038129279
0.044445523
0.024835111
0.030552132
0.014353335
0.02441212
0.009089342
0.036543512
0.011681255
0.012606007
0.019564076
0.017465747
0.011301214
0.020167151
0.03277393
0.023852764
0.021243117
0.018599828
0.014761554
0.011635855
0.062798498
0.051521344
0.032555246
0.015124935
0.044738661
0.028356679
0.019790712
0.020432341
0.00951464
0.03599219
0.02912218
0.020665181
0.026089782
0.012873477
0.031247961
0.037368865